{	
    "new york": {	
        "Biden": 0.35563665855636656,	
        "Trump": 0.30494728304947283,	
        "Common": 0.1954582319545823,	
        "ALL": 2466	
    },	
    "texas": {	
        "Biden": 0.41138872748402094,	
        "Trump": 0.3015688553166764,	
        "Common": 0.18593840790238234,	
        "ALL": 1721	
    },	
    "california": {	
        "Biden": 0.35461323392357874,	
        "Trump": 0.3299161230195713,	
        "Common": 0.1602982292637465,	
        "ALL": 2146	
    },	
    "florida": {	
        "Biden": 0.39820075757575757,	
        "Trump": 0.23106060606060605,	
        "Common": 0.20880681818181818,	
        "ALL": 2112	
    }	
}	
